MeshAnim
1
100
68
24
1 -8.422299E-13 -7.065137E-06 0
0 1 0 0
7.065136E-06 0 1 0
1.323563E-14 4.843031 -0.1399748 1

0.9999782 -0.001251022 -0.00648295 0
-1.854232E-10 0.9818856 -0.1894756 0
0.00660255 0.1894715 0.9818642 0
-9.033673E-10 5.671093 -0.1449186 1

0.8056002 0.02239045 -0.5920449 0
-0.0508967 -1.123897 -0.1117601 0
-0.5907573 0.1062878 -0.7998286 0
-0.4419609 4.766777 -0.1399748 1

0.7616761 -0.02128301 0.6476179 0
0.05624035 -1.123703 -0.1030743 0
0.6460533 0.1017255 -0.7564934 0
0.4419609 4.766777 -0.1399749 1

0.9999999 2.432997E-08 2.392281E-07 0
-7.149197E-10 0.9950895 -0.0989823 0
-2.417919E-07 0.09898227 0.9950894 0
-4.5769E-10 6.499156 -0.3047105 1

0.8845821 0.006314974 -0.4663535 0
-0.05089665 -1.123896 -0.11176 0
-0.4642206 0.1084368 -0.8790663 0
-0.4419609 4.766777 -0.1399748 1

0.8054407 0.1446756 -0.5754079 0
0.02792742 -0.8738554 -0.1395559 0
-0.5906872 0.1095061 -0.7994463 0
-0.5242398 2.949902 -0.3206445 1

0.8841628 0.001397511 0.4671897 0
0.05624035 -1.123703 -0.1030743 0
0.4645332 0.1039187 -0.8794456 0
0.4419608 4.766776 -0.1399748 1

0.762693 -0.1476389 0.6303221 0
-0.01777668 -0.8741789 -0.1446756 0
0.6456688 0.1146634 -0.7549754 0
0.5328783 2.950214 -0.3066032 1

0.9999999 4.648192E-10 8.094503E-10 0
-5.402399E-10 0.9950895 -0.0989823 0
-2.441993E-09 0.09898227 0.9950894 0
-1.015551E-09 7.327218 -0.3870787 1

-0.8806243 0.0006107168 -0.4750024 0
-0.3801842 -0.6296979 0.7008157 0
-0.3267536 0.7166915 0.6073894 0
-0.463878 1.061165 -0.6222786 1

0.9984367 0.05671549 -0.0185934 0
0.02792747 -0.8738555 -0.1395558 0
-0.0277514 0.1723541 -0.9848163 0
-0.494059 2.005534 -0.4714616 1

-0.925723 -0.0003658273 0.3792467 0
0.3037406 -0.6307354 0.7368734 0
0.2601567 0.7171488 0.6372893 0
0.4944561 1.060778 -0.6193029 1

0.99038 -0.0626281 0.1244051 0
-0.01777671 -0.8741786 -0.1446756 0
0.133178 0.1761325 -0.9756111 0
0.5136673 2.005496 -0.4629532 1

0.9999095 -0.0002255537 0.01345004 0
-5.127347E-10 0.9998596 0.01676737 0
-0.01345193 -0.0167659 0.9997691 0
-1.403564E-09 8.15528 -0.4694466 1

0.3840895 0.001926308 0.9232938 0
0.9232952 -2.575115E-07 -0.3840904 0
-0.0007396345 0.9999982 -0.001778686 0
0.1484802 7.835478 -0.3775322 1

0.3840895 -0.00192632 -0.9232939 0
-0.9232954 -2.505251E-07 -0.3840904 0
0.0007396331 0.9999982 -0.001778679 0
-0.1484802 7.835478 -0.3775322 1

0.8796546 -0.002322905 0.4767834 0
-0.4131472 -0.5551199 0.756633 0
0.2869238 -0.7758887 -0.5346743 0
-0.9286106 0.2914301 0.2343898 1

0.9249467 0.002080642 -0.3811192 0
0.3305634 -0.5561074 0.7957404 0
-0.2282626 -0.7764472 -0.560798 0
0.8657448 0.2897754 0.281442 1

0.9999999 2.677469E-08 -6.804815E-05 0
-7.81452E-10 0.9999999 0.0003837164 0
6.805186E-05 -0.0003837718 1 0
-1.240992E-09 8.414085 -0.4651065 1

0.315363 -0.01984511 0.9487638 0
0.3708243 -0.9177127 -0.1424553 0
0.8735191 0.3967499 -0.2820536 0
0.5939209 7.835479 -0.5628358 1

0.2654872 0.01428869 -0.9640086 0
-0.3483682 -0.9309121 -0.1097385 0
-0.8989748 0.3649642 -0.2421676 0
-0.5939207 7.835478 -0.5628352 1

0.3130778 -0.02088263 0.949498 0
0.3708242 -0.9177126 -0.1424554 0
0.8743404 0.3966965 -0.2795717 0
0.5939206 7.835479 -0.5628356 1

0.1455413 0.3400524 0.929076 0
0.4645241 -0.852616 0.2392985 0
0.8735188 0.3967506 -0.2820536 0
1.251601 6.207858 -0.8154892 1

0.2944771 0.002455279 -0.9556552 0
-0.3483683 -0.9309123 -0.1097385 0
-0.8898999 0.3652354 -0.273277 0
-0.5939205 7.835478 -0.5628353 1

0.07925209 -0.4082295 -0.9094326 0
-0.4307708 -0.8367499 0.3380639 0
-0.8989745 0.3649648 -0.2421676 0
-1.211774 6.184447 -0.7574633 1

-0.06348249 0.2374662 0.9693192 0
0.4645239 -0.8526166 0.2392986 0
0.8832818 0.4654631 -0.05618263 0
1.594023 5.579355 -0.6390912 1

0.06722942 -0.01928334 0.9975513 0
0.2964266 -0.9542825 -0.03842437 0
0.9526864 0.2982842 -0.05843986 0
1.936444 4.950854 -0.4626938 1

0.05942789 -0.4000899 -0.9145472 0
-0.4307705 -0.8367501 0.338064 0
-0.9005027 0.3738694 -0.2220732 0
-1.529315 5.56764 -0.5082611 1

0.06905854 -0.4154193 -0.9070047 0
-0.4088293 -0.841109 0.3541101 0
-0.9099938 0.3463559 -0.2279215 0
-1.846856 4.950834 -0.2590588 1

-0.9998199 -0.01898444 1.76231E-06 0
0.01567749 -0.8256206 0.5640084 0
-0.01070598 0.5639066 0.8257694 0
1.921934 4.783466 -0.3845533 1

0.0759946 -0.09487579 0.9925844 0
0.3853804 -0.9153108 -0.1169953 0
0.919623 0.3914139 -0.03299559 0
1.998206 4.775819 -0.3883211 1

0.08937623 -0.1452036 0.985357 0
0.3578995 -0.9185555 -0.1678226 0
0.929473 0.3676582 -0.03012891 0
1.941273 4.788995 -0.6181353 1

0.05787673 0.0257462 0.997992 0
0.4819913 -0.8761601 -0.00534905 0
0.8742629 0.4813332 -0.06311891 0
1.97051 4.809349 -0.4841933 1

0.07078629 -0.02814791 0.9970945 0
0.3900997 -0.9192088 -0.05364344 0
0.9180474 0.3927636 -0.05408702 0
1.973787 4.804744 -0.5576187 1

-0.9903119 0.1255968 -0.05922266 0
-0.1146668 -0.4991316 0.8589058 0
0.07831584 0.8573755 0.508698 0
-1.852542 4.832275 -0.116766 1

0.08683395 -0.3463738 -0.9340689 0
-0.4924619 -0.8299651 0.2619889 0
-0.8659907 0.4372441 -0.2426452 0
-1.929181 4.832083 -0.1208412 1

0.1061601 -0.299552 -0.9481558 0
-0.4655691 -0.8575391 0.2187959 0
-0.8786209 0.4182047 -0.2304987 0
-1.871077 4.739724 -0.331372 1

0.05436856 -0.4550265 -0.8888171 0
-0.5836748 -0.736706 0.3414506 0
-0.8101654 0.5002158 -0.3056411 0
-1.897659 4.818297 -0.2203357 1

0.07365377 -0.4076506 -0.9101627 0
-0.4976151 -0.8059347 0.3206992 0
-0.8642647 0.4292901 -0.2622133 0
-1.901466 4.783204 -0.2849669 1

-0.997719 0.0675012 1.338151E-06 0
-0.06740227 -0.9962564 0.05412944 0
0.003655074 0.05400569 0.9985343 0
1.92464 4.640952 -0.2871977 1

-0.01047951 0.1707404 0.9852608 0
0.4153509 -0.8955488 0.1596117 0
0.9096009 0.4109018 -0.06153243 0
2.090139 4.557471 -0.4162306 1

0.04650062 -0.06217429 0.9969816 0
0.1053499 -0.99219 -0.0667891 0
0.9933473 0.1081378 -0.03958749 0
2.024019 4.576625 -0.6569354 1

0.05266184 -0.01811158 0.9984483 0
0.2001211 -0.979362 -0.02832037 0
0.9783548 0.2013021 -0.04795066 0
2.107594 4.560156 -0.4857145 1

0.07369004 -0.08227058 0.9938818 0
0.02718053 -0.9960557 -0.0844657 0
0.9969105 0.03323858 -0.07116338 0
2.078707 4.557517 -0.5720463 1

-0.9986075 0.04770852 -0.02249709 0
-0.05266929 -0.8788282 0.4742218 0
0.002853272 0.4747466 0.880118 0
-1.872336 4.746119 0.03149282 1

-0.03089773 -0.5723736 -0.8194104 0
-0.5198435 -0.6909982 0.5022774 0
-0.8537017 0.4414847 -0.2761947 0
-2.046658 4.634095 -0.05834348 1

0.05362826 -0.3744113 -0.9257107 0
-0.2236845 -0.9079904 0.3542857 0
-0.9731848 0.1880676 -0.1324441 0
-1.978717 4.541461 -0.2807865 1

0.05445569 -0.4152724 -0.9080658 0
-0.3162305 -0.869776 0.3787979 0
-0.9471176 0.2665304 -0.1786861 0
-2.063665 4.608769 -0.1232226 1

0.08303311 -0.357996 -0.930024 0
-0.1465442 -0.9274873 0.3439359 0
-0.9857128 0.1077316 -0.1294745 0
-2.035302 4.566444 -0.1987131 1

-0.9993888 0.03495112 1.16927E-06 0
-0.03489276 -0.9977178 0.05780884 0
0.002021518 0.05777327 0.9983277 0
1.916951 4.527309 -0.281023 1

0.05898481 -0.03733376 0.9975608 0
-0.3442845 -0.9387495 -0.01477544 0
0.9370106 -0.3425729 -0.06822554 0
2.151452 4.425273 -0.3926692 1

-0.1676067 0.2267667 0.9594189 0
-0.3316832 -0.929424 0.1617334 0
0.9283825 -0.2911154 0.2309923 0
2.034797 4.475117 -0.663768 1

0.03922021 0.02256068 0.9989761 0
-0.2277873 -0.97322 0.03092221 0
0.9729207 -0.2287666 -0.03303104 0
2.130656 4.447296 -0.4889782 1

0.01485532 0.09563375 0.9953055 0
-0.3865888 -0.9174573 0.09392378 0
0.9221326 -0.3861696 0.02334167 0
2.081366 4.4601 -0.5803074 1

-0.9963578 0.07711843 -0.03636396 0
-0.08511921 -0.8750417 0.4765044 0
0.004927305 0.4778645 0.8784198 0
-1.878343 4.645871 0.08558714 1

0.06304024 -0.3983193 -0.9150774 0
0.2291135 -0.8866365 0.4017232 0
-0.9713554 -0.2349813 0.03536649 0
-2.123396 4.532091 0.01580031 1

-0.1936136 -0.5946028 -0.7803602 0
0.2177227 -0.8016175 0.5567817 0
-0.956614 -0.06210131 0.2846627 0
-2.001601 4.448568 -0.2445413 1

0.03622925 -0.4505601 -0.8920108 0
0.1093211 -0.8854532 0.4516879 0
-0.9933457 -0.1138799 0.01717639 0
-2.100106 4.508538 -0.07957061 1

0.003269198 -0.5119659 -0.8589993 0
0.2736679 -0.8257524 0.4931923 0
-0.9618187 -0.236693 0.137409 0
-2.049635 4.475733 -0.1650753 1

0.03569197 0.03319446 0.9988117 0
-0.381315 -0.9233825 0.04431384 0
0.9237561 -0.3824435 -0.02029989 0
2.116122 4.328938 -0.3941855 1

-0.7835976 0.6179212 -0.06440238 0
-0.6145564 -0.7557601 0.2261588 0
0.09107545 0.2167964 0.9719589 0
2.016847 4.424819 -0.6550154 1

-0.02824485 0.22287 0.9744391 0
-0.4457546 -0.875344 0.1872849 0
0.8947094 -0.4290707 0.1240692 0
2.100834 4.319885 -0.4849296 1

-0.05741113 0.3074891 0.949818 0
-0.4969781 -0.8339335 0.2399336 0
0.8658618 -0.4582643 0.2006922 0
2.040496 4.363106 -0.5703779 1

0.03145009 -0.4596551 -0.8875399 0
0.2677207 -0.851658 0.4505588 0
-0.9629824 -0.251783 0.0962745 0
-2.099884 4.441105 0.05702525 1

-0.8521037 -0.4423256 0.279763 0
0.5193965 -0.6489102 0.5560064 0
-0.06439482 0.619083 0.7826818 0
-1.989818 4.405187 -0.2144089 1

-0.05479183 -0.61264 -0.788461 0
0.3374605 -0.754544 0.5628356 0
-0.9397436 -0.2352358 0.2480848 0
-2.085793 4.392616 -0.02043783 1

-0.0939045 -0.6749572 -0.7318566 0
0.3932844 -0.7004663 0.5955449 0
-0.9146085 -0.2319036 0.3312272 0
-2.020702 4.388434 -0.1129344 1

1 -8.422299E-13 -7.065137E-06 0
0 1 0 0
7.065136E-06 0 1 0
1.323563E-14 4.842964 -0.1398964 1

0.9999782 -0.001251022 -0.00648295 0
-1.854232E-10 0.9818856 -0.1894756 0
0.00660255 0.1894715 0.9818642 0
-9.03822E-10 5.670945 -0.1448402 1

0.8055912 0.02237947 -0.5920577 0
-0.05088895 -1.123866 -0.1117243 0
-0.59077 0.1062612 -0.7998229 0
-0.4419609 4.76671 -0.1398965 1

0.7616921 -0.02120206 0.6476017 0
0.05632051 -1.123674 -0.1030311 0
0.6460289 0.1017456 -0.7565116 0
0.4419609 4.766709 -0.1398965 1

0.9999999 2.432997E-08 2.392281E-07 0
-7.149197E-10 0.9950895 -0.0989823 0
-2.417919E-07 0.09898227 0.9950894 0
-8.036336E-11 6.499007 -0.3046322 1

0.8845751 0.006308075 -0.4663669 0
-0.05088889 -1.123865 -0.1117242 0
-0.4642345 0.1084089 -0.8790626 0
-0.4419608 4.766709 -0.1398964 1

0.8054227 0.1447837 -0.5754002 0
0.02799671 -0.8738543 -0.1395948 0
-0.5906996 0.1094971 -0.7994385 0
-0.5242271 2.949885 -0.3205083 1

0.8841583 0.001477603 0.4671981 0
0.05632051 -1.123674 -0.1030311 0
0.4645342 0.1039207 -0.8794449 0
0.4419609 4.766709 -0.1398965 1

0.7627117 -0.1476743 0.6302859 0
-0.01776789 -0.8741758 -0.1447143 0
0.6456424 0.1147124 -0.7549896 0
0.5330079 2.950194 -0.306455 1

0.9999999 4.648192E-10 8.094503E-10 0
-5.402399E-10 0.9950895 -0.0989823 0
-2.441993E-09 0.09898227 0.9950894 0
-6.076429E-10 7.32707 -0.3870002 1

-0.880617 0.0005950473 -0.4750144 0
-0.3801947 -0.6297113 0.7008229 0
-0.3267436 0.7167011 0.6073583 0
-0.4637156 1.06115 -0.6222262 1

0.998429 0.05680957 -0.01859143 0
0.02799676 -0.8738545 -0.1395947 0
-0.02777178 0.1724082 -0.9848056 0
-0.4939714 2.005518 -0.4713673 1

-0.9257209 -0.000350358 0.379248 0
0.3037325 -0.6307473 0.7368829 0
0.2601629 0.7171506 0.6372638 0
0.4946046 1.060765 -0.6192381 1

0.9903765 -0.0626382 0.1244038 0
-0.01776795 -0.8741755 -0.1447142 0
0.1331831 0.1761905 -0.9755989 0
0.5138064 2.005479 -0.4628467 1

0.9999095 -0.0002255537 0.01345004 0
-5.127347E-10 0.9998596 0.01676737 0
-0.01345193 -0.0167659 0.9997691 0
-1.054546E-09 8.155131 -0.4693682 1

0.3840895 0.001926308 0.9232938 0
0.9232952 -2.575115E-07 -0.3840904 0
-0.0007396345 0.9999982 -0.001778686 0
0.1484802 7.83533 -0.3774537 1

0.3840895 -0.00192632 -0.9232939 0
-0.9232954 -2.505251E-07 -0.3840904 0
0.0007396331 0.9999982 -0.001778679 0
-0.1484802 7.83533 -0.3774537 1

0.8796473 -0.00230726 0.4767954 0
-0.4131566 -0.5551325 0.756637 0
0.2869129 -0.7758997 -0.5346427 0
-0.9284608 0.2913995 0.2344511 1

0.9249447 0.0020652 -0.3811207 0
0.3305559 -0.5561191 0.7957472 0
-0.2282696 -0.7764503 -0.5607716 0
0.8658834 0.2897473 0.2815185 1

0.9999999 3.853264E-08 -6.805048E-05 0
-6.555227E-09 1 0.0004727546 0
6.805326E-05 -0.0004727915 1 0
-2.055672E-09 8.413938 -0.4650281 1

0.31531 -0.0197679 0.9487832 0
0.3708504 -0.917716 -0.1423657 0
0.873527 0.3967459 -0.2820341 0
0.5939209 7.83533 -0.5627572 1

0.2654385 0.01422545 -0.9640229 0
-0.3483842 -0.9309148 -0.1096627 0
-0.8989829 0.3649592 -0.2421449 0
-0.5939205 7.83533 -0.5627571 1

0.3130247 -0.02080543 0.9495171 0
0.3708503 -0.9177159 -0.1423659 0
0.8743482 0.3966928 -0.2795521 0
0.5939212 7.835329 -0.5627576 1

0.1456067 0.3398966 0.9291229 0
0.4644882 -0.8526801 0.2391399 0
0.8735269 0.3967463 -0.282034 0
1.251647 6.207703 -0.8152517 1

0.2944288 0.002392262 -0.9556704 0
-0.3483843 -0.9309151 -0.1096627 0
-0.8899094 0.3652283 -0.2732548 0
-0.5939206 7.835331 -0.5627573 1

0.07929546 -0.4081048 -0.9094849 0
-0.4307458 -0.8368129 0.3379398 0
-0.8989827 0.3649597 -0.2421449 0
-1.211802 6.184294 -0.7572509 1

-0.06339794 0.237328 0.9693588 0
0.4644881 -0.8526806 0.23914 0
0.8833067 0.4654163 -0.05617786 0
1.594043 5.579153 -0.6389707 1

0.06722945 -0.01928233 0.9975515 0
0.2964231 -0.9542837 -0.03842317 0
0.9526874 0.2982805 -0.05844027 0
1.936438 4.950605 -0.4626904 1

0.05936235 -0.3999203 -0.9146257 0
-0.4307456 -0.8368131 0.3379398 0
-0.900519 0.37391 -0.2219391 0
-1.529324 5.567441 -0.5081396 1

0.06906087 -0.4151306 -0.9071368 0
-0.4088286 -0.841222 0.3538418 0
-0.9099939 0.346427 -0.2278129 0
-1.846846 4.950588 -0.2590289 1

-0.9998198 -0.0189807 1.750202E-06 0
0.0156746 -0.8256199 0.5640094 0
-0.0107038 0.5639077 0.8257687 0
1.921927 4.783216 -0.3845495 1

0.07599434 -0.09487479 0.9925846 0
0.3853771 -0.9153125 -0.1169941 0
0.9196243 0.3914104 -0.03299607 0
1.998199 4.775569 -0.3883176 1

0.08937581 -0.1452025 0.9853572 0
0.3578961 -0.9185569 -0.1678214 0
0.9294743 0.3676547 -0.0301294 0
1.941266 4.788745 -0.6181316 1

0.05787691 0.02574728 0.997992 0
0.481988 -0.8761619 -0.005347941 0
0.8742646 0.4813299 -0.06311955 0
1.970503 4.8091 -0.4841897 1

0.0707863 -0.0281469 0.9970946 0
0.3900963 -0.9192103 -0.05364219 0
0.9180489 0.3927601 -0.05408757 0
1.97378 4.804494 -0.5576151 1

-0.9903119 0.1256141 -0.05918444 0
-0.1146676 -0.4994051 0.8587468 0
0.07831357 0.8572137 0.5089709 0
-1.852533 4.831985 -0.116774 1

0.08683617 -0.3460764 -0.9341789 0
-0.4924611 -0.8300491 0.2617239 0
-0.8659908 0.4373199 -0.2425076 0
-1.929171 4.831793 -0.1208494 1

0.1061624 -0.2992501 -0.9482508 0
-0.4655681 -0.8576093 0.2185221 0
-0.8786212 0.4182766 -0.2303672 0
-1.871067 4.739501 -0.3314095 1

0.05437088 -0.4547436 -0.8889618 0
-0.5836743 -0.7368155 0.3412152 0
-0.8101655 0.5003118 -0.3054834 0
-1.89765 4.818039 -0.2203482 1

0.07365609 -0.4073608 -0.9102923 0
-0.4976144 -0.8060374 0.3204419 0
-0.8642648 0.4293721 -0.2620783 0
-1.901456 4.782967 -0.2849906 1

-0.997719 0.06750488 1.300897E-06 0
-0.06740596 -0.9962559 0.0541307 0
0.003655342 0.054007 0.9985341 0
1.924633 4.640703 -0.2871939 1

-0.0104788 0.1707417 0.9852607 0
0.4153477 -0.8955502 0.1596129 0
0.9096024 0.4108982 -0.06153294 0
2.090131 4.557221 -0.4162267 1

0.04650041 -0.06217317 0.9969817 0
0.1053463 -0.9921904 -0.06678775 0
0.9933478 0.1081341 -0.03958769 0
2.024012 4.576376 -0.6569319 1

0.05266186 -0.01811045 0.9984484 0
0.2001175 -0.9793625 -0.0283191 0
0.9783556 0.2012984 -0.04795095 0
2.107588 4.559906 -0.4857107 1

0.0736898 -0.08226956 0.9938819 0
0.02717686 -0.9960558 -0.08446442 0
0.9969106 0.03323476 -0.07116339 0
2.078699 4.557267 -0.5720423 1

-0.9986076 0.0477141 -0.02248372 0
-0.05266882 -0.8789789 0.473942 0
0.002850977 0.4744665 0.8802689 0
-1.872326 4.74578 0.03145722 1

-0.03089535 -0.5721129 -0.8195925 0
-0.5198433 -0.6911587 0.5020566 0
-0.8537018 0.4415713 -0.2760558 0
-2.046648 4.633784 -0.0584145 1

0.05363049 -0.3741167 -0.9258299 0
-0.2236838 -0.9081034 0.3539964 0
-0.9731849 0.1881082 -0.1323859 0
-1.978706 4.541222 -0.2808871 1

0.05445802 -0.4149833 -0.9081979 0
-0.3162299 -0.8698968 0.3785205 0
-0.9471177 0.2665858 -0.178603 0
-2.063655 4.608478 -0.1233019 1

0.08303532 -0.3576998 -0.9301378 0
-0.1465434 -0.9275969 0.3436405 0
-0.9857126 0.1077713 -0.129442 0
-2.035292 4.566179 -0.198806 1

-0.9993888 0.03495491 1.092436E-06 0
-0.03489646 -0.9977176 0.0578101 0
0.002021786 0.0577746 0.9983277 0
1.916944 4.52706 -0.2810193 1

0.05898481 -0.03733268 0.9975609 0
-0.3442881 -0.9387481 -0.01477415 0
0.9370094 -0.3425764 -0.06822511 0
2.151443 4.425023 -0.3926653 1

-0.1676057 0.2267686 0.9594187 0
-0.3316865 -0.9294226 0.1617347 0
0.9283814 -0.2911185 0.2309926 0
2.034789 4.474867 -0.6637645 1

0.03922039 0.0225619 0.9989763 0
-0.2277909 -0.9732189 0.03092348 0
0.9729198 -0.2287702 -0.03303069 0
2.130649 4.447047 -0.4889741 1

0.01485577 0.09563502 0.9953055 0
-0.3865922 -0.9174557 0.09392493 0
0.9221311 -0.386173 0.02334219 0
2.081357 4.459848 -0.5803032 1

-0.9963579 0.07712841 -0.03634121 0
-0.08511869 -0.8751932 0.4762257 0
0.00492492 0.477585 0.8785719 0
-1.878334 4.645514 0.08552008 1

0.06304251 -0.398028 -0.9152039 0
0.2291141 -0.8867639 0.4014415 0
-0.971355 -0.2349941 0.03528996 0
-2.123386 4.531758 0.01569696 1

-0.1936112 -0.5943547 -0.7805497 0
0.2177229 -0.8017944 0.556527 0
-0.9566143 -0.06219339 0.2846413 0
-2.00159 4.448317 -0.2446708 1

0.03623154 -0.4502762 -0.892154 0
0.1093215 -0.8855963 0.4514063 0
-0.9933456 -0.1138868 0.01713838 0
-2.100096 4.508234 -0.07968224 1

0.003271612 -0.5116925 -0.8591623 0
0.2736683 -0.8259088 0.4929299 0
-0.9618185 -0.2367381 0.137332 0
-2.049624 4.475457 -0.1651967 1

0.03569227 0.0331956 0.9988119 0
-0.3813183 -0.9233808 0.04431503 0
0.9237546 -0.3824469 -0.02029946 0
2.116112 4.328688 -0.3941814 1

-0.7835954 0.617924 -0.0644032 0
-0.6145592 -0.7557573 0.2261597 0
0.09107634 0.2167973 0.9719587 0
2.01684 4.42457 -0.6550121 1

-0.02824393 0.2228714 0.9744388 0
-0.4457578 -0.8753419 0.1872861 0
0.8947079 -0.429074 0.1240697 0
2.100827 4.319636 -0.4849259 1

-0.05740988 0.3074905 0.9498176 0
-0.4969812 -0.8339313 0.2399347 0
0.8658602 -0.4582672 0.2006927 0
2.040486 4.362854 -0.5703732 1

0.03145238 -0.4593726 -0.887686 0
0.2677211 -0.8518009 0.4502882 0
-0.9629821 -0.251815 0.09619264 0
-2.099874 4.440758 0.05689289 1

-0.8521034 -0.4424158 0.2796207 0
0.5193963 -0.6490862 0.5558007 0
-0.06439722 0.6188337 0.7828785 0
-1.989808 4.404926 -0.2145532 1

-0.05478942 -0.6123893 -0.7886559 0
0.3374607 -0.7547224 0.562596 0
-0.9397436 -0.2353162 0.2480082 0
-2.085784 4.392294 -0.02058632 1

-0.09390222 -0.6747245 -0.7320715 0
0.3932843 -0.700655 0.5953227 0
-0.9146089 -0.2320104 0.3311518 0
-2.020691 4.388141 -0.113084 1

1 -8.422299E-13 -7.065137E-06 0
0 1 0 0
7.065136E-06 0 1 0
1.323563E-14 4.842833 -0.139744 1

0.9999782 -0.001251022 -0.00648295 0
-1.854232E-10 0.9818856 -0.1894756 0
0.00660255 0.1894715 0.9818642 0
-9.042412E-10 5.670656 -0.1446879 1

0.8055736 0.02236522 -0.5920821 0
-0.05087597 -1.123803 -0.1116711 0
-0.5907946 0.1062222 -0.7998098 0
-0.4419609 4.766579 -0.1397438 1

0.7617235 -0.02105181 0.6475698 0
0.05648363 -1.123615 -0.1029682 0
0.6459807 0.101803 -0.7565451 0
0.4419609 4.766579 -0.139744 1

0.9999999 2.432997E-08 2.392281E-07 0
-7.149197E-10 0.9950895 -0.0989823 0
-2.417919E-07 0.09898227 0.9950894 0
4.52606E-11 6.498718 -0.3044798 1

0.8845614 0.006299779 -0.4663931 0
-0.05087591 -1.123803 -0.111671 0
-0.4642614 0.1083682 -0.8790533 0
-0.4419609 4.766579 -0.1397439 1

0.8053916 0.1449865 -0.5753877 0
0.02812122 -0.8738511 -0.1396772 0
-0.5907233 0.1094926 -0.7994215 0
-0.5242062 2.949855 -0.3202698 1

0.8841498 0.001630364 0.4672137 0
0.05648363 -1.123615 -0.1029681 0
0.4645347 0.103944 -0.8794418 0
0.4419608 4.766579 -0.1397438 1

0.7627528 -0.1477333 0.6302179 0
-0.0177359 -0.8741691 -0.1447982 0
0.6455904 0.1148262 -0.7550161 0
0.5332714 2.950158 -0.3062007 1

0.9999999 4.648192E-10 8.094503E-10 0
-5.402399E-10 0.9950895 -0.0989823 0
-2.441993E-09 0.09898227 0.9950894 0
-4.912276E-10 7.326781 -0.3868478 1

-0.8806082 0.0005747714 -0.4750291 0
-0.380212 -0.6297453 0.7008314 0
-0.326722 0.7167116 0.6073153 0
-0.4634255 1.061127 -0.6221657 1

0.9984169 0.05697894 -0.01859089 0
0.02812127 -0.8738512 -0.1396771 0
-0.02780913 0.1725198 -0.9847845 0
-0.4938159 2.005492 -0.4712179 1

-0.925719 -0.0003373596 0.3792486 0
0.303724 -0.6307755 0.7368948 0
0.2601689 0.7171495 0.6372276 0
0.4949373 1.060744 -0.6191652 1

0.9903732 -0.06263973 0.1244045 0
-0.01773599 -0.8741687 -0.1447982 0
0.1331906 0.1763136 -0.9755753 0
0.5141044 2.005451 -0.4626831 1

0.9999095 -0.0002255537 0.01345004 0
-5.127347E-10 0.9998596 0.01676737 0
-0.01345193 -0.0167659 0.9997691 0
-8.212605E-10 8.154842 -0.4692158 1

0.3840895 0.001926308 0.9232938 0
0.9232952 -2.575115E-07 -0.3840904 0
-0.0007396345 0.9999982 -0.001778686 0
0.1484802 7.835041 -0.3773014 1

0.3840895 -0.00192632 -0.9232939 0
-0.9232954 -2.505251E-07 -0.3840904 0
0.0007396331 0.9999982 -0.001778679 0
-0.1484802 7.835041 -0.3773014 1

0.8796383 -0.002287062 0.4768101 0
-0.4131717 -0.5551652 0.7566411 0
0.2868896 -0.7759135 -0.5345991 0
-0.9281918 0.2913347 0.2345218 1

0.9249428 0.002052292 -0.3811214 0
0.330548 -0.5561474 0.7957554 0
-0.2282764 -0.7764519 -0.5607343 0
0.8662058 0.2896915 0.2816058 1

0.9999999 5.576211E-08 -6.805048E-05 0
-1.196235E-08 0.9999999 0.0006466436 0
6.805233E-05 -0.0006466883 1 0
-1.124122E-09 8.413649 -0.4648757 1

0.3152025 -0.01960841 0.9488221 0
0.370907 -0.9177216 -0.1421825 0
0.8735418 0.3967411 -0.2819952 0
0.5939209 7.835041 -0.5626049 1

0.265342 0.01409805 -0.9640513 0
-0.3484196 -0.9309196 -0.1095113 0
-0.8989977 0.3649525 -0.2421002 0
-0.5939206 7.83504 -0.5626045 1

0.3129172 -0.02064593 0.949556 0
0.3709069 -0.9177214 -0.1421827 0
0.8743628 0.3966884 -0.2795132 0
0.5939217 7.835038 -0.5626054 1

0.1457381 0.3395824 0.9292171 0
0.4644191 -0.8528075 0.2388191 0
0.8735418 0.3967412 -0.2819951 0
1.251747 6.207404 -0.8147746 1

0.2943328 0.002265096 -0.9557003 0
-0.3484197 -0.9309198 -0.1095113 0
-0.8899274 0.3652175 -0.273211 0
-0.5939211 7.83504 -0.5626047 1

0.07938063 -0.4078569 -0.9095887 0
-0.4306993 -0.8369367 0.3376923 0
-0.8989975 0.3649529 -0.2421003 0
-1.211865 6.183997 -0.7568296 1

-0.06322914 0.2370472 0.9694384 0
0.464419 -0.8528081 0.2388193 0
0.8833552 0.4653257 -0.056167 0
1.594092 5.578761 -0.6387306 1

0.0672293 -0.01928087 0.9975514 0
0.2964187 -0.954285 -0.03842154 0
0.9526889 0.2982762 -0.05844088 0
1.936436 4.950118 -0.4626862 1

0.05923697 -0.3995851 -0.9147803 0
-0.4306991 -0.836937 0.3376922 0
-0.9005495 0.3739912 -0.2216785 0
-1.529353 5.567052 -0.5079012 1

0.06906503 -0.4145663 -0.9073945 0
-0.4088297 -0.8414423 0.3533168 0
-0.9099931 0.3465681 -0.2276014 0
-1.846841 4.950108 -0.258973 1

-0.9998201 -0.01897624 1.935071E-06 0
0.01567071 -0.825619 0.5640108 0
-0.01070121 0.5639092 0.8257678 0
1.921923 4.782729 -0.384545 1

0.07599386 -0.09487336 0.9925847 0
0.3853729 -0.9153143 -0.1169925 0
0.9196262 0.3914061 -0.03299679 0
1.998196 4.775082 -0.3883128 1

0.0893751 -0.1452013 0.9853574 0
0.3578919 -0.9185588 -0.1678199 0
0.929476 0.3676504 -0.03013011 0
1.941263 4.788258 -0.618127 1

0.057877 0.02574877 0.997992 0
0.481984 -0.8761642 -0.005346455 0
0.8742668 0.4813257 -0.06312042 0
1.9705 4.808612 -0.4841852 1

0.07078612 -0.02814551 0.9970947 0
0.3900921 -0.919212 -0.05364068 0
0.9180509 0.3927558 -0.05408833 0
1.973777 4.804006 -0.5576106 1

-0.9903118 0.1256504 -0.05911066 0
-0.1146711 -0.4999391 0.8584354 0
0.07831093 0.8568971 0.5095043 0
-1.852529 4.831416 -0.1167919 1

0.08684041 -0.3454953 -0.9343936 0
-0.4924618 -0.8302119 0.2612056 0
-0.8659901 0.4374703 -0.2422395 0
-1.929167 4.831227 -0.1208676 1

0.1061667 -0.2986602 -0.9484362 0
-0.4655687 -0.8577454 0.2179868 0
-0.8786204 0.4184194 -0.2301109 0
-1.871062 4.739066 -0.331485 1

0.05437493 -0.4541906 -0.8892441 0
-0.5836755 -0.7370278 0.3407544 0
-0.8101643 0.5005012 -0.3051757 0
-1.897645 4.817534 -0.220375 1

0.07366025 -0.4067946 -0.9105451 0
-0.4976154 -0.8062369 0.3199384 0
-0.8642639 0.4295346 -0.261815 0
-1.901451 4.782503 -0.2850392 1

-0.9977186 0.06750938 1.214747E-06 0
-0.06741054 -0.9962556 0.0541324 0
0.003655581 0.05400865 0.998534 0
1.924629 4.640216 -0.2871894 1

-0.01047805 0.1707434 0.9852603 0
0.4153436 -0.8955519 0.1596144 0
0.9096044 0.4108941 -0.06153375 0
2.090128 4.556733 -0.4162214 1

0.04650011 -0.06217169 0.9969817 0
0.1053418 -0.9921909 -0.06678608 0
0.9933484 0.1081296 -0.0395879 0
2.024008 4.575888 -0.656927 1

0.05266175 -0.01810901 0.9984484 0
0.200113 -0.9793636 -0.02831748 0
0.9783567 0.201294 -0.04795134 0
2.107584 4.559418 -0.4857057 1

0.07368942 -0.08226819 0.9938821 0
0.02717226 -0.996056 -0.08446273 0
0.9969108 0.03323004 -0.07116357 0
2.078695 4.556778 -0.5720374 1

-0.9986076 0.04772757 -0.02245844 0
-0.05267045 -0.8792734 0.4733951 0
0.002846924 0.473919 0.8805637 0
-1.872323 4.74512 0.03138572 1

-0.03089147 -0.5716031 -0.8199482 0
-0.5198453 -0.691471 0.5016245 0
-0.8537008 0.4417424 -0.2757849 0
-2.046644 4.633179 -0.05855684 1

0.0536347 -0.3735407 -0.9260619 0
-0.2236849 -0.9083235 0.3534306 0
-0.9731844 0.18819 -0.1322732 0
-1.978701 4.540756 -0.281087 1

0.05446216 -0.4144184 -0.9084556 0
-0.3162312 -0.8701323 0.3779781 0
-0.947117 0.2666963 -0.1784413 0
-2.063651 4.607914 -0.1234598 1

0.08303961 -0.3571213 -0.9303597 0
-0.1465444 -0.9278104 0.3430629 0
-0.9857123 0.1078513 -0.1293792 0
-2.035287 4.565661 -0.1989901 1

-0.9993886 0.03495939 1.155765E-06 0
-0.03490105 -0.9977172 0.05781179 0
0.002022025 0.0577763 0.9983277 0
1.916939 4.526573 -0.2810145 1

0.05898463 -0.03733123 0.9975609 0
-0.3442923 -0.9387465 -0.0147726 0
0.9370079 -0.3425808 -0.06822462 0
2.151438 4.424535 -0.3926598 1

-0.1676048 0.226771 0.9594184 0
-0.3316908 -0.9294209 0.1617363 0
0.92838 -0.2911222 0.230993 0
2.034785 4.474379 -0.6637595 1

0.03922048 0.02256345 0.9989762 0
-0.2277953 -0.973218 0.0309252 0
0.972919 -0.2287747 -0.03303036 0
2.130644 4.446558 -0.4889689 1

0.01485613 0.09563663 0.9953052 0
-0.3865964 -0.9174536 0.09392653 0
0.9221294 -0.386177 0.0233428 0
2.081353 4.459359 -0.5802983 1

-0.9963579 0.07715049 -0.03629758 0
-0.08512042 -0.8754893 0.475681 0
0.004920838 0.4770385 0.8788687 0
-1.878331 4.64482 0.08538603 1

0.06304672 -0.3974587 -0.915451 0
0.2291128 -0.8870132 0.400891 0
-0.9713552 -0.2350165 0.03513959 0
-2.123381 4.531106 0.01549136 1

-0.1936076 -0.5938693 -0.7809199 0
0.2177207 -0.8021401 0.5560292 0
-0.9566157 -0.06237094 0.2845984 0
-2.001585 4.447828 -0.2449284 1

0.03623572 -0.4497212 -0.8924339 0
0.10932 -0.8858771 0.450856 0
-0.9933456 -0.1138979 0.01706314 0
-2.100092 4.507642 -0.07990225 1

0.003275604 -0.511158 -0.8594803 0
0.2736665 -0.8262151 0.4924175 0
-0.9618191 -0.2368239 0.1371805 0
-2.04962 4.474918 -0.1654368 1

0.0356923 0.03319715 0.9988117 0
-0.3813225 -0.9233791 0.04431667 0
0.923753 -0.3824511 -0.02029892 0
2.116106 4.328199 -0.3941759 1

-0.7835926 0.6179274 -0.06440415 0
-0.6145626 -0.7557541 0.2261611 0
0.0910773 0.2167985 0.9719583 0
2.016835 4.424082 -0.6550069 1

-0.02824295 0.2228732 0.9744383 0
-0.445762 -0.8753397 0.1872877 0
0.894706 -0.4290777 0.1240704 0
2.100821 4.319148 -0.4849204 1

-0.0574085 0.3074924 0.9498171 0
-0.496985 -0.8339285 0.2399362 0
0.8658581 -0.4582708 0.2006935 0
2.040482 4.362366 -0.5703683 1

0.03145653 -0.4588204 -0.8879712 0
0.2677196 -0.8520805 0.4497596 0
-0.9629826 -0.2518753 0.09603181 0
-2.099869 4.440081 0.05663064 1

-0.8521045 -0.44259 0.2793418 0
0.5193943 -0.6494315 0.5553993 0
-0.06440089 0.6183467 0.7832629 0
-1.989802 4.404418 -0.2148375 1

-0.05478563 -0.6118987 -0.7890369 0
0.3374586 -0.7550721 0.5621281 0
-0.9397447 -0.2354708 0.2478577 0
-2.08578 4.391666 -0.02087777 1

-0.09389862 -0.6742691 -0.7324914 0
0.393282 -0.7010251 0.5948887 0
-0.9146101 -0.2322167 0.3310034 0
-2.020689 4.387569 -0.1133778 1

1 -8.422299E-13 -7.065137E-06 0
0 1 0 0
7.065136E-06 0 1 0
1.323563E-14 4.842641 -0.1395207 1

0.9999782 -0.001251022 -0.00648295 0
-1.854232E-10 0.9818856 -0.1894756 0
0.00660255 0.1894715 0.9818642 0
-9.04632E-10 5.670232 -0.1444647 1

0.8055479 0.02234784 -0.5921178 0
-0.05085798 -1.12371 -0.1116012 0
-0.5908306 0.1061715 -0.7997899 0
-0.4419609 4.766387 -0.1395207 1

0.7617695 -0.02083519 0.6475226 0
0.05672617 -1.123527 -0.1028863 0
0.6459094 0.1018961 -0.7565935 0
0.4419609 4.766387 -0.1395207 1

0.9999999 2.432997E-08 2.392281E-07 0
-7.149197E-10 0.9950895 -0.0989823 0
-2.417919E-07 0.09898227 0.9950894 0
-8.127286E-11 6.498294 -0.3042566 1

0.8845413 0.006290153 -0.4664313 0
-0.05085793 -1.12371 -0.1116012 0
-0.4643008 0.1083154 -0.8790389 0
-0.4419609 4.766387 -0.1395206 1

0.8053478 0.1452798 -0.5753707 0
0.02829861 -0.8738458 -0.1398014 0
-0.5907581 0.1094924 -0.7993959 0
-0.5241772 2.949813 -0.3199336 1

0.8841374 0.001852729 0.4672363 0
0.05672617 -1.123528 -0.1028862 0
0.4645347 0.1039878 -0.8794367 0
0.4419609 4.766386 -0.1395207 1

0.7628155 -0.1478149 0.6301192 0
-0.01768173 -0.8741586 -0.1449255 0
0.6455137 0.1150021 -0.7550544 0
0.5336636 2.950108 -0.3058453 1

0.9999999 4.648192E-10 8.094503E-10 0
-5.402399E-10 0.9950895 -0.0989823 0
-2.441993E-09 0.09898227 0.9950894 0
-6.084387E-10 7.326357 -0.3866247 1

-0.8805977 0.0005501733 -0.4750467 0
-0.3802359 -0.6297989 0.7008407 0
-0.3266889 0.7167225 0.6072611 0
-0.463013 1.061097 -0.6220983 1

0.9984007 0.05722031 -0.01859155 0
0.02829866 -0.8738459 -0.1398013 0
-0.02786262 0.1726864 -0.9847537 0
-0.4935952 2.005455 -0.4710158 1

-0.9257174 -0.0003266885 0.3792489 0
0.3037155 -0.6308191 0.736909 0
0.2601753 0.7171453 0.637181 0
0.4954466 1.060716 -0.6190849 1

0.9903703 -0.06263302 0.1244071 0
-0.01768184 -0.8741583 -0.1449255 0
0.1332 0.1764988 -0.975541 0
0.514555 2.005412 -0.4624654 1

0.9999095 -0.0002255537 0.01345004 0
-5.127347E-10 0.9998596 0.01676737 0
-0.01345193 -0.0167659 0.9997691 0
-9.388127E-10 8.154418 -0.4689927 1

0.3840895 0.001926308 0.9232938 0
0.9232952 -2.575115E-07 -0.3840904 0
-0.0007396345 0.9999982 -0.001778686 0
0.1484802 7.834617 -0.3770782 1

0.3840895 -0.00192632 -0.9232939 0
-0.9232954 -2.505251E-07 -0.3840904 0
0.0007396331 0.9999982 -0.001778679 0
-0.1484802 7.834617 -0.3770782 1

0.8796279 -0.002262628 0.4768278 0
-0.4131921 -0.5552175 0.7566449 0
0.2868542 -0.7759297 -0.5345442 0
-0.9278086 0.2912388 0.2346006 1

0.9249412 0.002041719 -0.3811217 0
0.3305403 -0.5561911 0.795765 0
-0.2282836 -0.7764522 -0.5606866 0
0.8667047 0.2896109 0.2817036 1

0.9999999 7.811385E-08 -6.805188E-05 0
-1.691168E-08 0.9999996 0.000901807 0
6.80528E-05 -0.0009018414 0.9999999 0
-8.931106E-10 8.413224 -0.4646527 1

0.3150428 -0.01937004 0.94888 0
0.3709929 -0.917729 -0.1419096 0
0.8735629 0.3967354 -0.2819378 0
0.5939209 7.834617 -0.5623817 1

0.2651997 0.01390908 -0.9640932 0
-0.3484735 -0.9309256 -0.1092876 0
-0.8990188 0.3649441 -0.2420344 0
-0.5939206 7.834617 -0.5623813 1

0.3127575 -0.02040755 0.9496139 0
0.3709928 -0.9177288 -0.1419097 0
0.8743833 0.3966833 -0.2794556 0
0.5939208 7.834617 -0.5623816 1

0.1459326 0.3391162 0.9293569 0
0.464318 -0.852996 0.2383427 0
0.873563 0.3967353 -0.2819377 0
1.2519 6.206967 -0.8140674 1

0.2941912 0.002076549 -0.9557443 0
-0.3484736 -0.9309258 -0.1092876 0
-0.8899532 0.365203 -0.2731466 0
-0.5939206 7.834616 -0.5623815 1

0.07950598 -0.4074904 -0.9097419 0
-0.4306321 -0.8371188 0.3373265 0
-0.8990186 0.3649446 -0.2420344 0
-1.21196 6.183561 -0.7562097 1

-0.06297967 0.2366298 0.9695565 0
0.464318 -0.8529963 0.2383429 0
0.8834261 0.4651932 -0.05615015 0
1.59417 5.578184 -0.6383744 1

0.06722926 -0.0192792 0.9975516 0
0.2964136 -0.9542866 -0.03841958 0
0.9526905 0.2982708 -0.0584415 0
1.93644 4.949403 -0.4626814 1

0.05905413 -0.3990912 -0.9150078 0
-0.430632 -0.837119 0.3373263 0
-0.9005935 0.374111 -0.2212968 0
-1.529399 5.566483 -0.507551 1

0.06907096 -0.4137378 -0.9077721 0
-0.4088325 -0.841764 0.3525457 0
-0.9099913 0.3467762 -0.2272911 0
-1.846836 4.949404 -0.2588924 1

-0.9998201 -0.01897081 1.903872E-06 0
0.0156663 -0.8256178 0.5640126 0
-0.01069817 0.5639109 0.8257667 0
1.921926 4.782015 -0.3845398 1

0.07599338 -0.09487178 0.9925849 0
0.3853679 -0.9153166 -0.1169906 0
0.9196283 0.3914011 -0.03299762 0
1.998199 4.774367 -0.3883079 1

0.08937435 -0.1451997 0.9853578 0
0.357887 -0.9185611 -0.167818 0
0.929478 0.3676454 -0.03013081 0
1.941266 4.787543 -0.6181219 1

0.05787718 0.0257504 0.9979916 0
0.4819793 -0.8761668 -0.005344636 0
0.8742693 0.4813208 -0.06312141 0
1.970503 4.807897 -0.4841801 1

0.07078605 -0.02814392 0.9970947 0
0.3900871 -0.9192143 -0.05363878 0
0.9180529 0.3927508 -0.05408905 0
1.97378 4.803292 -0.5576056 1

-0.9903113 0.1257048 -0.05900267 0
-0.1146771 -0.5007222 0.8579779 0
0.07830792 0.8564316 0.5102867 0
-1.852525 4.830582 -0.1168196 1

0.08684661 -0.3446423 -0.9347079 0
-0.492464 -0.8304496 0.2604443 0
-0.8659882 0.4376916 -0.2418458 0
-1.929163 4.830397 -0.1208961 1

0.1061729 -0.2977944 -0.9487077 0
-0.4655706 -0.8579437 0.2172006 0
-0.8786185 0.4186297 -0.2297349 0
-1.871057 4.738428 -0.331597 1

0.05438077 -0.4533788 -0.8896579 0
-0.5836781 -0.7373382 0.3400775 0
-0.810162 0.50078 -0.3047242 0
-1.89764 4.816795 -0.2204157 1

0.07366624 -0.4059634 -0.9109156 0
-0.497618 -0.8065282 0.319199 0
-0.8642619 0.4297739 -0.2614286 0
-1.901446 4.781822 -0.2851119 1

-0.9977182 0.06751473 1.102054E-06 0
-0.06741593 -0.9962552 0.05413445 0
0.003655908 0.05401068 0.9985338 0
1.924631 4.639502 -0.2871835 1

-0.01047704 0.1707455 0.9852599 0
0.4153388 -0.8955538 0.1596162 0
0.9096066 0.4108891 -0.06153458 0
2.090129 4.556018 -0.416216 1

0.04649987 -0.06216991 0.996982 0
0.1053364 -0.9921918 -0.06678406 0
0.993349 0.1081241 -0.03958819 0
2.024009 4.575173 -0.6569214 1

0.05266168 -0.01810725 0.9984484 0
0.2001077 -0.9793647 -0.02831548 0
0.9783576 0.2012886 -0.04795173 0
2.107585 4.558702 -0.4857002 1

0.07368903 -0.08226652 0.9938823 0
0.02716683 -0.9960564 -0.08446071 0
0.9969109 0.03322456 -0.07116359 0
2.078697 4.556063 -0.5720317 1

-0.9986073 0.04774858 -0.02242162 0
-0.0526741 -0.8797053 0.4725919 0
0.002841172 0.4731151 0.8809962 0
-1.872319 4.744151 0.03127903 1

-0.03088617 -0.5708543 -0.8204699 0
-0.519849 -0.6919284 0.5009896 0
-0.8536987 0.4419944 -0.2753873 0
-2.046641 4.632293 -0.05876694 1

0.05364081 -0.3726953 -0.9264023 0
-0.2236877 -0.9086457 0.3525998 0
-0.9731835 0.1883112 -0.132108 0
-1.978697 4.540072 -0.2813806 1

0.05446815 -0.413589 -0.908833 0
-0.3162341 -0.8704767 0.3771815 0
-0.9471156 0.2668596 -0.1782042 0
-2.063646 4.607087 -0.123693 1

0.08304571 -0.356272 -0.9306846 0
-0.1465472 -0.9281231 0.3422149 0
-0.9857113 0.1079698 -0.1292874 0
-2.035283 4.564902 -0.1992616 1

-0.9993883 0.03496476 1.040745E-06 0
-0.03490644 -0.9977169 0.05781385 0
0.002022353 0.0577783 0.9983274 0
1.916941 4.525859 -0.2810085 1

0.05898448 -0.03732953 0.9975611 0
-0.3442973 -0.9387446 -0.01477069 0
0.9370058 -0.342586 -0.06822383 0
2.15144 4.42382 -0.3926539 1

-0.1676035 0.2267738 0.9594179 0
-0.3316958 -0.9294186 0.1617382 0
0.9283785 -0.2911268 0.2309937 0
2.034786 4.473663 -0.6637541 1

0.03922066 0.02256523 0.9989761 0
-0.2278007 -0.9732167 0.03092718 0
0.9729177 -0.22878 -0.03302993 0
2.130645 4.445843 -0.4889631 1

0.01485675 0.09563859 0.9953051 0
-0.3866013 -0.9174515 0.09392842 0
0.9221272 -0.3861821 0.0233436 0
2.081354 4.458644 -0.5802922 1

-0.9963576 0.07718415 -0.03623387 0
-0.08512408 -0.8759231 0.4748811 0
0.004915146 0.4762361 0.8793038 0
-1.878328 4.643803 0.08518758 1

0.06305277 -0.396623 -0.9158131 0
0.2291097 -0.8873789 0.4000826 0
-0.9713556 -0.2350479 0.03491839 0
-2.12338 4.530153 0.01518711 1

-0.1936025 -0.5931562 -0.7814631 0
0.2177167 -0.8026474 0.5552982 0
-0.9566175 -0.06263009 0.2845348 0
-2.001581 4.447112 -0.2453071 1

0.03624153 -0.4489065 -0.8928435 0
0.1093165 -0.8862883 0.4500479 0
-0.9933457 -0.113913 0.01695246 0
-2.100088 4.506775 -0.08022723 1

0.003281179 -0.5103734 -0.8599465 0
0.2736626 -0.8266643 0.4916649 0
-0.9618199 -0.2369485 0.1369578 0
-2.049616 4.474128 -0.1657911 1

0.03569259 0.033199 0.9988117 0
-0.3813275 -0.923377 0.04431855 0
0.9237508 -0.3824561 -0.02029806 0
2.116108 4.327485 -0.3941697 1

-0.7835892 0.6179316 -0.06440541 0
-0.6145666 -0.7557502 0.2261626 0
0.09107854 0.2168 0.9719578 0
2.016837 4.423367 -0.6550015 1

-0.02824164 0.2228753 0.974438 0
-0.4457666 -0.8753369 0.1872894 0
0.8947036 -0.4290823 0.1240713 0
2.100822 4.318432 -0.4849139 1

-0.05740684 0.3074946 0.9498166 0
-0.4969895 -0.8339254 0.2399378 0
0.8658556 -0.4582751 0.2006944 0
2.040483 4.361651 -0.5703621 1

0.03146234 -0.4580098 -0.8883896 0
0.2677162 -0.8524908 0.4489835 0
-0.9629832 -0.2519624 0.09579531 0
-2.099869 4.43909 0.05624343 1

-0.8521065 -0.4428444 0.2789319 0
0.5193903 -0.6499384 0.5548097 0
-0.06440593 0.6176316 0.7838265 0
-1.989799 4.403676 -0.2152564 1

-0.05478059 -0.611178 -0.7895954 0
0.3374544 -0.7555849 0.5614409 0
-0.9397465 -0.2356964 0.2476363 0
-2.085776 4.390745 -0.02130849 1

-0.09389399 -0.6736 -0.7331073 0
0.3932778 -0.7015679 0.5942512 0
-0.9146125 -0.2325182 0.3307851 0
-2.020684 4.386732 -0.1138117 1

1 -8.422299E-13 -7.065137E-06 0
0 1 0 0
7.065136E-06 0 1 0
1.323563E-14 4.842391 -0.1392296 1

0.9999782 -0.001251022 -0.00648295 0
-1.854232E-10 0.9818856 -0.1894756 0
0.00660255 0.1894715 0.9818642 0
-9.049873E-10 5.669679 -0.1441737 1

0.8055144 0.02232749 -0.5921642 0
-0.05083521 -1.123589 -0.1115154 0
-0.5908774 0.1061094 -0.7997636 0
-0.4419609 4.766137 -0.1392297 1

0.7618296 -0.02055514 0.6474609 0
0.05704466 -1.123412 -0.1027865 0
0.6458163 0.1020234 -0.7566558 0
0.4419609 4.766136 -0.1392298 1

0.9999999 2.432997E-08 2.392281E-07 0
-7.149197E-10 0.9950895 -0.0989823 0
-2.417919E-07 0.09898227 0.9950894 0
4.221325E-10 6.497741 -0.3039655 1

0.8845151 0.006279271 -0.4664811 0
-0.05083515 -1.123589 -0.1115154 0
-0.4643521 0.108251 -0.8790197 0
-0.441961 4.766136 -0.1392297 1

0.8052921 0.1456596 -0.5753495 0
0.02852658 -0.8738385 -0.1399654 0
-0.5908035 0.1094963 -0.7993619 0
-0.5241404 2.949759 -0.3195039 1

0.8841212 0.002141593 0.4672657 0
0.05704464 -1.123412 -0.1027863 0
0.4645345 0.1040513 -0.8794293 0
0.441961 4.766135 -0.1392298 1

0.7628987 -0.147918 0.6299914 0
-0.01760632 -0.8741448 -0.1450943 0
0.6454134 0.1152373 -0.7551036 0
0.5341785 2.950044 -0.305393 1

0.9999999 4.648192E-10 8.094503E-10 0
-5.402399E-10 0.9950895 -0.0989823 0
-2.441993E-09 0.09898227 0.9950894 0
-1.425501E-10 7.325804 -0.3863336 1

-0.8805861 0.0005215184 -0.4750672 0
-0.3802662 -0.6298711 0.700851 0
-0.3266451 0.7167341 0.6071963 0
-0.4624835 1.061058 -0.6220232 1

0.9983807 0.05753051 -0.01859337 0
0.02852663 -0.8738386 -0.1399654 0
-0.02793164 0.1729057 -0.9847137 0
-0.493312 2.005409 -0.4707633 1

-0.9257159 -0.0003182432 0.3792485 0
0.3037067 -0.6308773 0.7369254 0
0.2601816 0.7171384 0.6371246 0
0.4961245 1.060682 -0.6189975 1

0.9903675 -0.06261845 0.1244116 0
-0.01760646 -0.8741444 -0.1450943 0
0.1332118 0.1767436 -0.9754959 0
0.5151515 2.005363 -0.4621952 1

0.9999095 -0.0002255537 0.01345004 0
-5.127347E-10 0.9998596 0.01676737 0
-0.01345193 -0.0167659 0.9997691 0
-4.733788E-10 8.153865 -0.4687017 1

0.3840895 0.001926308 0.9232938 0
0.9232952 -2.575115E-07 -0.3840904 0
-0.0007396345 0.9999982 -0.001778686 0
0.1484802 7.834064 -0.3767871 1

0.3840895 -0.00192632 -0.9232939 0
-0.9232954 -2.505251E-07 -0.3840904 0
0.0007396331 0.9999982 -0.001778679 0
-0.1484802 7.834064 -0.3767871 1

0.8796161 -0.00223416 0.4768483 0
-0.413218 -0.5552884 0.7566487 0
0.2868077 -0.7759486 -0.5344787 0
-0.927316 0.2911115 0.2346884 1

0.9249398 0.002033441 -0.3811214 0
0.3305322 -0.5562498 0.7957757 0
-0.2282908 -0.7764512 -0.5606288 0
0.8673719 0.2895055 0.2818111 1

0.9999999 1.055879E-07 -6.805141E-05 0
-2.166151E-08 0.9999993 0.001234638 0
6.805419E-05 -0.001234704 0.9999995 0
-3.110339E-10 8.412671 -0.4643616 1

0.3148333 -0.01905627 0.9489559 0
0.3711067 -0.9177384 -0.1415508 0
0.8735902 0.3967288 -0.2818627 0
0.5939209 7.834064 -0.5620906 1

0.2650135 0.01366133 -0.964148 0
-0.3485451 -0.9309333 -0.1089946 0
-0.8990461 0.3649341 -0.2419484 0
-0.5939206 7.834064 -0.5620903 1

0.3125479 -0.02009377 0.9496894 0
0.3711066 -0.9177383 -0.1415509 0
0.87441 0.3966776 -0.2793803 0
0.5939205 7.834064 -0.5620906 1

0.1461876 0.3385043 0.9295397 0
0.4641864 -0.8532419 0.2377174 0
